254 43
270 261
349 0
369 261
403 261
424 261
468 261
511 261
553 261
594 261
635 261
677 261
720 261
763 256
806 247
847 256
887 245
928 229
968 224
1008 188
1049 143
1090 96
1136 51
1185 71
1227 106
1269 137
1310 158
1351 170
1392 172
1432 170
1473 155
1514 144
1555 126
1595 100
1635 87
1676 78
1717 76
1757 73
1797 67
1837 58
1877 47
1918 37
1959 35
2000 38
2042 46
2083 48
2125 51
2166 49
2208 48
2250 48
2292 49
2333 50
2374 49
2415 46
2456 42
2496 38
2536 36
2577 34
2617 34
2657 33
2698 34
2739 34
2780 36
2821 37
2862 37
2903 35
2944 32
2984 28
3025 23
3065 19
3105 15
3144 12
3183 10
3220 9
3322 10
3361 13
3401 15
3441 16
3482 18
3523 17
3563 17
3604 15
3645 16
3686 15
3726 14
3766 13
3804 13
3843 13
3882 13
3922 14
3961 14
4002 15
4042 15
4082 15
4121 14
4161 13
4200 12
4239 12
4277 11
4315 11
4353 11
4392 11
4431 11
4469 11
4508 12
4548 12
4588 13
4627 14
4668 14
4708 14
4748 13
4788 13

253 43
269 261
350 12
370 261
404 261
422 261
469 261
511 261
553 261
594 261
635 261
676 261
719 261
762 243
805 231
847 246
887 250
927 237
968 233
1008 200
1049 149
1091 98
1137 60
1185 79
1227 108
1268 136
1309 155
1350 167
1391 166
1432 163
1472 147
1513 134
1554 118
1595 92
1636 76
1676 62
1717 57
1758 52
1797 45
1836 35
1876 27
1915 19
1957 17
1997 19
2040 26
2082 27
2125 31
2168 30
2211 33
2253 36
2296 39
2337 43
2378 45
2419 45
2460 43
2500 39
2540 36
2580 34
2620 33
2660 33
2699 34
2740 34
2781 34
2821 32
2863 29
2904 25
2947 21
2989 20
3030 19
3072 19
3112 17
3152 17
3191 16
3231 16
3271 16
3312 16
3353 15
3396 12
3441 11
3486 13
3527 14
3569 16
3610 16
3650 18
3690 17
3729 17
3768 15
3806 15
3844 14
3883 16
3922 15
3962 16
4002 14
4041 14
4080 12
4119 11
4158 9
4195 10
4234 10
4272 12
4311 12
4350 13
4390 12
4430 12
4470 11
4509 12
4550 11
4589 12
4629 12
4669 12
4709 12
4749 12
4789 12

253 43
269 261
346 0
366 261
399 261
421 261
465 261
487 0
507 261
527 0
547 261
588 261
628 261
670 261
712 261
754 230
799 200
841 214
882 229
922 229
962 225
1003 195
1044 147
1087 105
1132 78
1178 89
1220 118
1262 150
1303 162
1343 169
1384 164
1425 156
1466 139
1507 126
1548 116
1589 92
1630 85
1671 81
1711 77
1752 71
1792 66
1832 52
1872 39
1911 30
1951 30
1991 30
2031 34
2071 34
2110 27
2149 18
2186 11
2217 12
2256 21
2295 29
2336 38
2376 41
2416 41
2456 39
2496 35
2536 32
2575 30
2614 29
2653 27
2692 25
2733 23
2773 20
2815 18
2859 16
2902 15
2944 15
2984 16
3024 14
3064 12
3101 10
3133 10
3171 12
3210 14
3250 15
3289 17
3328 18
3367 17
3405 18
3444 19
3482 19
3521 17
3561 17
3600 16
3639 16
3678 14
3717 15
3755 14
3794 15
3834 14
3872 15
3913 14
3952 15
3993 13
4033 12
4073 13
4113 12
4154 11
4194 11
4234 12
4272 10
4312 9
4386 9
4462 9
4539 9
4618 10
4657 9
4697 10
4776 9

253 43
269 261
346 6
365 261
398 261
419 261
463 9
485 0
504 261
524 0
545 261
585 261
625 261
667 261
710 248
754 190
799 203
840 213
880 216
920 199
960 198
1000 159
1040 110
1082 60
1137 42
1180 74
1221 103
1262 127
1302 143
1343 151
1384 152
1425 146
1466 135
1506 119
1548 103
1589 81
1631 73
1673 70
1715 79
1755 82
1795 78
1835 65
1874 54
1913 46
1953 51
1992 57
2032 67
2072 69
2112 65
2152 56
2193 45
2234 34
2276 28
2320 23
2364 25
2406 27
2447 27
2487 26
2528 25
2568 24
2609 26
2650 29
2690 35
2731 39
2771 45
2811 48
2852 50
2892 48
2932 47
2972 42
3012 38
3051 32
3091 28
3130 23
3169 19
3208 14
3247 11
3308 9
3348 13
3388 17
3429 18
3470 20
3511 21
3552 21
3593 21
3633 20
3674 21
3715 18
3755 18
3796 16
3836 16
3876 13
3917 13
3958 11
3998 11
4041 9
4082 10
4126 10
4167 11
4211 13
4252 12
4294 14
4335 14
4376 15
4417 14
4457 14
4498 13
4539 14
4579 13
4620 13
4660 13
4701 13
4742 13
4783 13

253 43
269 261
343 0
363 261
396 261
419 261
461 0
483 0
502 261
522 0
543 261
583 261
623 261
664 261
707 237
750 169
798 181
839 184
879 191
918 173
958 175
997 135
1037 91
1079 41
1136 64
1178 101
1219 132
1259 160
1300 182
1340 199
1381 204
1421 200
1462 183
1503 166
1544 142
1585 114
1626 92
1667 78
1709 75
1750 68
1792 58
1832 43
1872 31
1911 25
1950 30
1989 39
2029 53
2068 55
2108 56
2148 49
2189 42
2229 31
2271 22
2314 15
2366 19
2409 22
2449 27
2490 29
2530 29
2569 29
2609 28
2649 28
2689 28
2730 30
2771 34
2811 38
2852 42
2892 45
2932 46
2973 46
3012 45
3052 42
3092 39
3131 34
3170 31
3208 26
3246 24
3284 20
3322 20
3359 18
3397 20
3435 19
3473 22
3512 22
3552 25
3592 24
3631 25
3672 24
3712 24
3752 21
3792 20
3832 17
3871 15
3912 13
3950 12
3991 11
4029 9
4071 9
4148 9
4222 9
4258 10
4299 12
4337 13
4378 16
4417 15
4457 17
4497 14
4538 16
4578 13
4619 15
4659 13
4699 15
4739 12
4779 13

253 43
269 261
344 0
364 261
397 261
420 261
463 0
484 0
503 261
544 261
584 261
624 261
666 261
711 200
758 190
800 235
841 242
880 248
920 227
961 219
1001 176
1041 128
1083 75
1131 46
1179 81
1220 110
1261 140
1302 154
1343 163
1384 164
1424 160
1466 148
1507 137
1548 124
1589 105
1630 97
1670 98
1711 104
1751 102
1790 97
1830 86
1869 76
1909 66
1948 64
1989 64
2028 64
2068 56
2108 47
2148 34
2189 23
2237 16
2282 21
2324 28
2364 33
2405 34
2445 37
2485 36
2525 35
2566 34
2606 33
2647 35
2687 37
2727 39
2768 43
2808 45
2847 47
2887 45
2928 42
2968 38
3008 35
3047 31
3087 26
3127 20
3166 12
3227 11
3266 17
3305 24
3345 28
3385 32
3424 33
3465 33
3505 31
3546 30
3586 27
3627 26
3668 23
3709 21
3750 20
3792 18
3834 18
3875 16
3916 17
3957 14
3998 14
4040 12
4081 12
4124 12
4166 13
4209 14
4249 15
4291 16
4332 16
4373 18
4414 17
4454 17
4495 15
4535 15
4576 13
4617 12
4658 11
4699 11
4741 11
4783 11


